31412111345226223266666321666516233212111131223164
26366656665655365254663642556566356541246366553655
66461663465665361541643466516662666315666632621336
21213623331122236214534311661522112565566656632626
61266654466622566466666445143165666264563633565666
46442163361265313562633666143231421353332446312526
65256466664233355666655666626661236233324312153341
13421533443336133546643366661564641662115636635644
66611344165656626555312633242566441566466666656661
61166666633353345312632331563356161123211432533413
63521525131522334115322665362165651166525664546466
15431266226216116553565364656616665655565151133662
63324243214243154163626525631656535655666353624465
54655616646361166356663566661336656152366666666265
26325253432533564363625222112212433323253313445212
23222132335513322224613462462332146254346166141523
34425255643663123631333231313313331362415322213315
16333265666356656546565462152626656664465366356256
34644665655226265421341312434345633665666564656465
35544623563422323631334365643133321333211146154554
34411226433222341336116131314324313554564665266565
16113231312353664625666214534631621653562115545631
33233122113211325313133432311655625556651363165254
11614232153222635563331335451466216566153662451433
12331235134412134122423344114162152135331136555556
52164633666251666342566654646625156116621446652223
65365256236156564444555655646366166565556452652146
56656366635316551321261335561422222163463324256646
24655365132213141351225351551656665656664666336663
46666121545466666566665322634456125465525612615316
12542454112635464264655656153463313563312643242231
66323434425124153211215566613241161613331315636331
33136333316116122343225621151456232656531225215666
63466662465641556431125613243231536232131313225341
52465246366552164612356236256226225536353355666166
62265666551651565355262666666566653244221531435463
12245555636666536536155645655134536553323222515651
34165564556256365332261355121521265656562635266631
65446212134565166214665666563662516656666632542622
35363623622342253642321435345122155666666362663533
62363423263126652626663144333333214352415262155563
66623556236664355256666465353565645336453365512634
64612131611122236313566663632535663466463415331531
33533625615554651664662165662166636534652664616626
51652446266165515613655555543626363341432213126665
66665655255666531525352125325433145436334262416331
14231656665566122465525661645613155661461663653222
56665166645566226165626664365311336121164115313612
33613235265233333312134133231312162143226563623331
61513521636413126333552163332111446326364256636261
34134161653423526355611634436615246431246446631626
45166252132512366216131366231126353313133266115666
66162656252663662363666666446666655213656566564664
26665662165665543663565266556123122351221555164336
66511461616146653624456113134556456565655453126612
36464156122332512333144154123341136355465166465363
46665615565565615346526656643214515563255466631356
63422631536653566662164545351654253221121225525626
24233541133164316516565663552552135636665666636653
16553154552232331225456633225143125323156354656665
53426116335556342563635665562365365662665562665436
55631323113223535263232536566666512126123116113466
53633656355355543313215352561525652523116626532151
33353163135535656156166355635663634615525656661156
12311461235652316235626561566265466616465646465645
36666356556366566526536652362642655425366452666165
65332652155666626665656661566636536425432666162521
66251341661124236542215526522652366216353362224633
56435662353652166542614512362361626461644616665426
65655644345542665536633612536656626565656665663665
26664655663223244664651614461366645435452661253363
32366656515562666165245154156656153116166432654465
55664434614335356244335224313343234531233661136313
43362166644551252543566535456562531255355522521612
66233661552123355165216646661616555541163666556664
25636126554153115111114113331653641663554666213616
64265613662656662264666156526666655555543655221123
33231312321323132242551134666615452632561622656556
46663246652645364661611633236264266665666232313635
35132333232145436511643333363564223666652143365566
42156565263122131116336223336144133355132511643243
13664165364441451163453653523221333465663465546456
66653362666666636666525646415616562551454664124223
12123653333156626354224665526251616513315442413324
23425446236665466215366613124513512433133111366211
35542115666626312316163666612325444531263132633324
53346251233341443636446266545665122216664256356566
63222365154633254526464421631166566325566446556266
66436226666663666656564441166566545366141265356546
25454362526526351361661151114232132326166251661222
11133313331533366656623621566462214525446213222122
65132413313615662366653346416616266622665613656161
65215436423256666636653465465366653123253131213312
32345313334653265662664556363465151125315423626115
12315615453325453466626656336626225566233431333114
42131243212143132155611134565644515365351111553511
63462525662525136546225552364564566265462131565626
36256465421434416556225235335623256223432143323262
52661344335535323556556366653665453666316645661625
53636336666663113433361332116356151121336513645145
56656565166546615345343223223523135111362665466143
13336562533432562121353153331116315232633144656636
24543531661465665666666666266166466666121666465666
62635154561654555355456651354133153123335322363211
32525525413235321663121123332235225621261565265545
31516461662653611326566166362615626433234136222331
61333135532165656656566216563166544656423556166623
55615652623266653666615655516666253662136264665613
61423222321321356364131236335324635633165466365665
66665163124662415161111512636413666632365333462626
65556323642146356266256665632233654531523166631152
31463132334333113163122331335335343313631315635666
32466666656526514126545561326566645356663565653651
56661566636665664666464536566463666646663635336166
26334412135333233145111315333631634513222335521323
11312315133356612241351523515256425351432362326216
63415611525262263632654544323156216654324663136313
33113325342462561666626664566666261566666662355641
65456636142451312536664156516556644626133164646665
54666426332664165613422111115532146656555132666665
54345456561613536346613142555565634326662564213466
16641615462634651123563353511232323651624253336145
42564641633623566666336654636661645235555642646166
34213321351323333321566666241466615556262613636565
66616541335336546664655645625235363244623133232112
16136223236433613632315623635653152624213412652146
43165636654355636113634265564266636156546133626163
32222121323223531266531666666636515655643353666561
66526431313133433333546136666631465115156465211224
64154232242536633112531361313163133333121312452112
23356133243356664565362661166561652633143211322536
32315553362334463622664626112142322616666651644343
16553636563162263236253631242356646666635656426363
23522415165212241111316131231616666615316662646551
46666555636566626616636525462633566223362341561234
11163656665643563152266661122522663436216312116312
56221666432661661561265656164414341236666366133235
34353233531612523132131613645131164166621256663545
26633614536164435666666624146545653564365636126622
44663613441453221645253113526243565563556426613121
66311232233234111115122644235666266666635465561666
66456165252666666654641342522564656551666246646566
66222631432223252222313223335566515663343561625321
31156613563114331222122334122451221411121333322466
62636656156546533636624566565616544435312115515331
43115136163624234235333235121361414361335113313234
33653666664546633513332146553613566662363462123326
32311145316513166145526466614245166626366556356524
51332555656661361365653626432163651613516565663356
56653533254535613615212336464664662132334232512553
33223442213633126113423134232344532331643263363642
33326536666662426656323425252264255646551622556553
11661226165111426556355454222614463664445563446656
61646662666654642211641356353143416266355626446626
25116233621434532636631566555456256566356655164166
66166246664134143216663466456225666513645461462333
51665616515216316454163416513242166553452613425633
15535525262332352226311641333233342232332163466166
62645311111151613346523643613343213311333236124366
13426532123666335333531243462356666113335236151124
26653233526616536616664664166446326556665434562643
23511223561363233243113231463665366623621643656653
26623212214332426261633636666536436234152252433256
61654365322463653231353151233652331632415526223656
64556663636623113224333134336363216612352456242635
13324515655665553535626663133415236333626526353443
53265656653633265313151421132323132425263335212212
11263134221666451456226661621666254136336116536526
66165161665526362354625563365263551336324325124422
12361331621266156623663516666626116663256461256563
13616561116266644263326136366124645565655123333565
13662221634212615363551663646611263554164366154542
24666462666461415665346466566512215622554535361536
65531632255123125251322133425513112333352562233654
26646453236116131314325665566566665543664664566524
21212145124321121232453622214314322211241354334354
66161654565621436646253225226516656363466163132314
26355166236246123641312161532151313313463322556263
31123233316631356334122112112232332252222566666635
35163143633112453323132112344644141363233251236415
66534333136136366565525656545326546632156333555356
66425544566166554466654536524665654451241655565422
12356252613232333331235513123243136631134653211212
14626633232213215142634353331226312364413153563353
32654266654621622315335123633265111344333123432332
11633532224521435356335335121334156266522246616534
65546616642164566336656556656156613535635566656465
62631633511166661265616616615324565666661666511562
16333321426546655265665531636566565666626243136363
63645626263566532566641122616653566515313451355622
25152122354353143125333124363434655224411656661652
45635641266122646561426663314552566426615116636636
25166656444252521544156666666666465355666662436462
56665655166655362564353531266566526542662612461626
66361655342166525645335651663662546631424355533221
33126522151355623263163351563565413626655164141654
25666566251666442445425641623654634654623125632516
15362355652531163451545636664362141112452451315162
16114333513112565662666625156265663665366456165546
51656615136132633564432533313111311112531521123312
